3.24
3.24
3.44
3.16
3.36
3.04
3.28
3.12
3.36
3.08
3.28
3.6
3.16
3.08
3.44
3.44
3.24
3.36
3.16
3.16
3
3.2
3.56
3.28
3.12
3.32
3.44
3.32
3.24
3.24
3.44
3.24
3.32
3.24
3.28
3.36
3.32
3.28
3.36
3.12
3.32
3.32
3.48
3.4
3.4
3.2
3.2
3.4
3.12
3
3
3.2
3.32
3.12
3.44
3.2
3.4
3
3.2
3.4
3.2
3.32
3.4
3.48
3.2
3.44
3.48
3.44
3.52
3.24
3.4
3.2
3.2
3.04
3.04
3.36
3.24
3.32
3.48
3.32
3.28
3.08
3.16
3.4
3.36
3.16
3.28
3.28
3.48
3.28
3.32
3.36
3.4
3.32
3.2
3.2
3.04
3.44
3.28
3.36
3.4
3.4
3.2
3.24
3.36
3.44
3.08
3.28
3.32
3.24
3.52
3.44
3.28
3.48
3.36
3.2
3.32
3.48
3.36
2.96
3.2
3.2
3.28
3.28
3.24
3
3.4
3.52
3.32
3.16
3.52
3.44
3.32
3.04
3.16
3
3.56
3.12
3.28
3.16
3.52
3.2
3.28
2.92
3.04
3.16
3.52
3.24
3.24
3.24
3.32
3.4
3.24
3.36
3.12
3.48
3.04
3.48
3.4
3.2
3.08
3.36
3.2
3.48
3.28
2.88
3.2
3.08
3.2
3.48
3.4
3.32
3.28
3.2
3.4
3.32
3.4
3.24
3.4
3.12
2.84
3.4
3.36
3.24
3.2
3.2
3.24
3.2
3.4
3.32
3
3.32
3.4
3.16
3.12
2.92
3.36
3.12
3.44
3.2
3.08
3.48
3.32
2.96
3.52
3.32
3.12
3.16
3.28
3.2
2.84
3.24
3.16
3.28
3.16
3.36
3.2
3.36
3.32
3.36
3.24
2.96
3.4
3.08
3.24
3.28
3.36
3.44
3.48
2.88
3.36
3.16
3.12
3.12
3.4
3.36
3.32
3.4
3.28
3.28
3.24
3.44
3.28
3.28
3.04
3.36
2.96
3.24
3.32
3.68
3.36
3.28
3.12
3.36
3.4
3.08
3.04
3.28
3.32
3.2
3.44
3.32
3.28
3.44
3.48
3.32
3.28
3.16
3.24
3.32
3.2
2.96
3.52
3.68
3.28
3.2
3.16
3.36
3.36
3.32
3.32
3.4
3.32
3.32
3.32
3.32
3.6
3.12
3.32
3.48
3.52
3.32
3.24
3.44
3.36
3.2
3.28
3.24
3.24
3.32
3.32
3.24
3.2
3.24
3.2
3.36
3.4
3.16
3.12
3.44
3.4
3.24
3.28
3.48
3.44
3.2
3.32
3.28
3.24
3.2
3.2
2.84
3.52
3.16
3.12
3.2
3.36
3.32
3.24
3.44
3.36
2.68
3.36
3.4
3.48
2.92
3.04
3.2
3.48
3.44
3.44
3.28
3.2
3.08
3.4
3.08
3.08
3.2
3.28
3.4
3.2
3.16
3.44
3.24
3.36
3.16
3.16
3.4
3.52
3.32
3.08
3.08
3.32
3.52
3.32
3.56
3.16
3.16
3.56
3.28
3.2
3.36
3.36
3.48
3.48
3.2
3.28
3.24
3.16
3.52
3.36
3.2
3.24
3.24
3.12
3.32
3.32
3.32
3.12
3.16
3.32
3.28
3.56
3.2
3.36
3.12
3.56
3.16
3.12
3.48
2.96
3.28
3.6
3.28
3.12
3.16
3.28
3.08
3.36
3.52
3.16
3.4
3.28
3.4
3.4
3.12
3.48
3.24
3.36
3.4
3.2
3.4
3.4
3.36
3.28
3.36
3.12
3.16
2.96
3.24
2.96
3.52
3.12
3.52
3.4
3.04
3.16
3.2
3.48
3.08
3.2
3.44
3.4
3.36
3.36
3.48
3.04
3.16
3.04
3.32
3.44
3.12
3.2
3.12
3.36
3.4
3.28
3.28
3.24
3.48
3.24
3.4
3.4
3.24
3.32
3.16
3.08
3.28
3.48
3.12
3.36
3.08
3.44
3.36
3.08
3.12
3
3.2
3.24
3.48
3.24
3.32
3.44
3.32
3.12
3.4
3.12
3.24
3.28
3.48
3.32
3.08
3.24
3.4
3.4
3.2
3.08
3.24
3.08
3.16
3.36
3.24
3.36
3.12
3.32
3.44
3.28
3.36
3.2
3.32
3
3.48
3.32
3.4
3.12
3.44
3.32
3.32
3.4
3.28
3.04
3.28
3.28
3.16
2.92
3.04
3.12
3.52
3.2
3.08
3.36
3.2
3.04
2.8
2.96
3.32
3.32
3.16
3.4
2.92
3.08
3.24
3
3.6
3.4
3.36
3.24
3.36
3.24
3.4
3.04
3.32
3.48
2.96
3
3.52
3.28
3.12
3.4
3.4
3.24
3.32
3.24
3.2
3.52
3.36
3.16
3.24
3.24
3.12
3.24
3.16
3.36
3.04
3.28
3.24
3.2
3.08
3.2
3.2
3.16
3.2
3.32
3.12
3.44
3.16
3.16
3.44
3.36
3.4
3.36
3.2
3
3.24
3.28
3.36
3.12
3.16
3.28
3.28
3.04
3.36
3.44
3.48
3.4
3.36
3.4
3.28
3.24
3.24
3.16
3.4
3
3.4
3.16
3.2
3.16
3.16
3.12
3.16
3.4
3.28
3.4
3.4
3.6
3.52
3.32
3.2
3.32
3.12
3.2
3.32
3.44
3.32
3.32
3.24
3
3.52
3.36
3.16
3
3.48
3.04
3.28
3.24
3.24
3.24
3.36
3.44
3.32
3.44
3.12
3.16
3.04
3.28
3.52
3.32
3.08
3.28
3.56
2.92
3.16
3.16
3.4
3.24
3.32
3.04
3.32
3.2
3.16
3.32
3.32
2.96
3.16
3.2
3.28
3.28
3.16
3.2
3.32
3.44
3.12
3.12
3.32
3.2
3.16
3.24
3.24
3.04
3.24
3.12
3.04
3.08
3.32
3.24
3.44
3.28
3.44
3.48
3.52
3.32
3.2
3.2
3.32
3.36
3.12
3.04
3.16
3.12
3.08
3.12
3.36
3.32
3.52
3.36
3.36
3.24
3.16
3.32
3.36
3.24
3.48
3.04
3.36
3.24
3.2
3.28
3.28
3.44
3.24
3.2
3.16
3.64
3.32
3.32
3.4
3.32
3.2
3.28
3.2
3.04
3.2
3.2
3.32
3.44
3.32
3
3.44
3.28
3.16
2.92
3.68
3.52
3.4
3.2
3.24
3.44
3.12
3.28
3.2
3.24
3.28
3.44
3.12
3.16
3.36
3.56
3.32
3.32
3.44
3.24
3.28
3.32
3.36
3.28
3.32
3.24
3.28
3.16
3.2
3.36
3.24
3.2
3.24
3.16
3.32
3.2
3.36
3.16
3.32
3.4
3.32
3.32
3.24
3.32
3.36
3.48
3.2
3.36
3.32
3.24
3.28
3.12
3.44
3.28
3.2
3.48
3.28
3.12
3.12
3.16
3.36
3.2
3
3.28
3.2
3.12
3.2
3.44
3.24
3.04
3.4
3.24
3.12
3.24
3.04
3.2
3.36
3.2
3.2
3.2
3.2
3.28
3.32
3.28
3.4
3.16
3.44
3.16
3.04
3.44
3.2
3.24
3.48
3.16
3.36
3.32
3.44
3.32
3.28
3.44
3.2
3.2
3.52
3.32
3.32
3.4
3.32
3.12
3.36
3.48
3.04
2.96
3.32
3
3.2
3.28
3.08
3.24
3.08
3.36
3.36
3.52
3.12
3.24
3.4
3.36
3.36
3
3.52
3
3.24
3.08
3.52
3.44
3.24
3.36
3.16
3.28
3.4
3.28
3.12
3.52
3.08
3.48
3.36
3.28
3.4
3.32
3.4
3.2
3.16
3.4
3.24
3.16
3.36
3.28
3.24
3.24
3.28
3.12
3.28
3.44
3.32
3.36
3.32
3.36
3.16
3.16
3.32
3.28
3.12
3.16
3.28
3.4
3.44
3.04
3.28
3.32
3.4
3.2
3.4
3.2
3.28
3.44
3.12
3
3.36
3.4
3.32
3.24
3.16
3.32
3.12
3.24
3.2
3.12
3.28
3.4
3.12
3.36
3.48
3.4
3.2
3.4
3.08
3.56
3.28
3.36
3.2
3.24
3.4
3.36
3.36
3.28
3.52
3.28
3.24
3.16
3.2
3.08
3.32
3.4
3.08
3.12
3.4
3.04
3.28
3.48
3.28
3.28
3.32
3.2
3.32
3.2
3.36
3.2
3.08
3.52
3.32
3.24
3.36
3.44
3.32
3.36
3.32
3.16
3.24
3.4
3.36
