3.14284
3.14636
3.14768
3.13704
3.14036
3.14644
3.14148
3.14284
3.13316
3.14452
3.13816
3.14104
3.13904
3.14512
3.13232
3.14024
3.14892
3.13332
3.14784
3.1506
3.14228
3.1374
3.13424
3.14436
3.14264
3.14224
3.15032
3.14012
3.1394
3.13564
3.14292
3.14544
3.13452
3.13428
3.14044
3.13832
3.14028
3.14916
3.14792
3.14092
3.1456
3.13976
3.14628
3.14388
3.14408
3.13772
3.14316
3.14496
3.13868
3.1382
3.1414
3.14648
3.13796
3.1408
3.13956
3.14316
3.14952
3.1438
3.1456
3.13816
3.13956
3.13656
3.13648
3.14108
3.14592
3.13864
3.13996
3.13948
3.14396
3.14944
3.13852
3.14624
3.14604
3.13384
3.13684
3.14236
3.15064
3.1362
3.14124
3.13952
3.13192
3.13728
3.14308
3.1378
3.13752
3.13976
3.13892
3.14184
3.1378
3.14048
3.1472
3.1406
3.14392
3.13588
3.14576
3.14264
3.135
3.13892
3.13444
3.13976
3.14952
3.14396
3.14604
3.13716
3.13892
3.14108
3.13832
3.14672
3.14912
3.13964
3.13996
3.14004
3.14216
3.1384
3.1418
3.146
3.14
3.14524
3.1406
3.1376
3.13284
3.14532
3.14792
3.1428
3.14236
3.13936
3.13252
3.13508
3.13436
3.145
3.13736
3.14732
3.14284
3.13892
3.1412
3.1404
3.136
3.14016
3.13752
3.13828
3.13516
3.14336
3.15004
3.15064
3.14488
3.12848
3.14696
3.13328
3.13572
3.1448
3.14196
3.14284
3.1362
3.13624
3.14152
3.142
3.1494
3.14228
3.141
3.14036
3.13396
3.14532
3.14108
3.14376
3.14356
3.14248
3.14792
3.13748
3.1542
3.14048
3.1434
3.13724
3.13832
3.14036
3.14392
3.13684
3.14148
3.14308
3.14264
3.13988
3.13552
3.14508
3.145
3.14244
3.14232
3.1388
3.15012
3.1438
3.1452
3.13476
3.14416
3.14468
3.1424
3.14236
3.15168
3.14452
3.14392
3.14588
3.13744
3.1416
3.13232
3.14196
3.13912
3.13996
3.14376
3.13672
3.13444
3.1432
3.14884
3.14284
3.13552
3.13696
3.13852
3.14776
3.14592
3.14532
3.14432
3.1492
3.14636
3.13984
3.1466
3.14296
3.13168
3.1422
3.13344
3.14264
3.14336
3.14284
3.1388
3.1458
3.13132
3.14408
3.14072
3.13932
3.14408
3.14228
3.13824
3.13416
3.13404
3.13996
3.13628
3.13928
3.13896
3.1372
3.14676
3.14196
3.14236
3.14076
3.14472
3.14016
3.14076
3.15196
3.14448
3.1376
3.1422
3.14156
3.14284
3.14736
3.14012
3.15064
3.14036
3.13196
3.14696
3.13792
3.1392
3.13904
3.13364
3.14008
3.14012
3.13928
3.13856
3.1392
3.14208
3.13936
3.135
3.14396
3.141
3.14612
3.14248
3.13832
3.14132
3.1428
3.14096
3.14728
3.13436
3.13932
3.13416
3.14268
3.13868
3.14144
3.13944
3.14664
3.14116
3.13776
3.13604
3.13404
3.137
3.14292
3.14252
3.13008
3.14532
3.14996
3.1338
3.14204
3.14232
3.13948
3.14764
3.13816
3.13616
3.14172
3.13796
3.14356
3.13868
3.14424
3.139
3.14792
3.13992
3.13324
3.13956
3.13824
3.14244
3.14364
3.13452
3.14876
3.13176
3.1372
3.13672
3.13352
3.13928
3.14416
3.13612
3.14696
3.13976
3.14468
3.13752
3.14608
3.131
3.13668
3.14424
3.13764
3.14228
3.14612
3.1446
3.13676
3.13828
3.15004
3.14656
3.14328
3.1422
3.14068
3.14072
3.14188
3.1458
3.14056
3.14332
3.14448
3.14084
3.13432
3.13444
3.14568
3.13668
3.14188
3.14144
3.13568
3.145
3.15016
3.13892
3.14308
3.13388
3.13248
3.1428
3.14368
3.14652
3.14428
3.13992
3.14564
3.14556
3.14004
3.1422
3.14192
3.14448
3.14232
3.13088
3.14132
3.13532
3.14184
3.14256
3.1364
3.14652
3.13992
3.13468
3.1482
3.14056
3.13892
3.13908
3.14056
3.14292
3.14328
3.14208
3.13752
3.1392
3.15192
3.13448
3.14484
3.13872
3.13852
3.14284
3.14392
3.13648
3.14164
3.148
3.14288
3.138
3.13424
3.13864
3.13812
3.14768
3.13628
3.14344
3.14736
3.14572
3.13164
3.14744
3.14712
3.15264
3.14852
3.13764
3.14216
3.1396
3.13664
3.1362
3.13988
3.14008
3.14144
3.14432
3.13856
3.1472
3.13452
3.14504
3.14216
3.14664
3.14944
3.13948
3.14632
3.14468
3.14048
3.1438
3.14716
3.1384
3.13672
3.13704
3.13968
3.1412
3.14276
3.1406
3.14132
3.13504
3.13464
3.14116
3.13496
3.14828
3.14172
3.13608
3.13512
3.14048
3.13692
3.14816
3.14544
3.14056
3.13792
3.14192
3.1338
3.14312
3.14856
3.14056
3.14116
3.14236
3.14412
3.13832
3.138
3.1462
3.14152
3.1484
3.14396
3.13784
3.14096
3.14644
3.14672
3.14292
3.13952
3.13228
3.14776
3.1458
3.13128
3.1442
3.14332
3.14148
3.14108
3.148
3.14236
3.1444
3.14036
3.138
3.13788
3.14092
3.131
3.13696
3.13992
3.1428
3.1394
3.14168
3.1398
3.13804
3.14048
3.1428
3.13804
3.13868
3.14156
3.139
3.14512
3.14212
3.14216
3.13472
3.13912
3.14084
3.13336
3.14172
3.14572
3.13016
3.13748
3.14448
3.14812
3.14576
3.13696
3.14004
3.1404
3.14112
3.143
3.14572
3.14616
3.13488
3.13636
3.14856
3.13784
3.13876
3.14776
3.14152
3.14492
3.14224
3.14304
3.13928
3.14108
3.14444
3.14048
3.14244
3.13688
3.13852
3.14092
3.1434
3.1412
3.13584
3.13804
3.14392
3.14588
3.14424
3.1386
3.13788
3.14164
3.13872
3.14096
3.133
3.15712
3.1346
3.14272
3.1502
3.1426
3.14352
3.14324
3.13996
3.13516
3.14108
3.13892
3.15012
3.14372
3.13864
3.13496
3.14392
3.14444
3.12912
3.14784
3.14228
3.1426
3.142
3.13392
3.13168
3.14404
3.13888
3.13504
3.14288
3.14744
3.13736
3.14048
3.14588
3.1434
3.143
3.15404
3.1432
3.13692
3.14444
3.12988
3.1392
3.14208
3.13964
3.1416
3.13856
3.13836
3.14064
3.14216
3.14476
3.13304
3.14192
3.14292
3.1428
3.14488
3.143
3.14656
3.13568
3.1394
3.141
3.13744
3.14176
3.13876
3.13596
3.14344
3.13472
3.14596
3.13932
3.13716
3.14044
3.133
3.14396
3.14268
3.14128
3.13844
3.1434
3.13512
3.13608
3.13884
3.1408
3.14868
3.14048
3.13816
3.14116
3.14264
3.14372
3.14892
3.14528
3.1456
3.14108
3.13876
3.139
3.13276
3.14804
3.14952
3.1326
3.14276
3.1366
3.13776
3.14336
3.13944
3.14512
3.13316
3.14044
3.1424
3.1352
3.13652
3.1494
3.13668
3.13976
3.1412
3.14116
3.127
3.14792
3.13244
3.13788
3.14904
3.1432
3.14968
3.14276
3.14128
3.13988
3.13484
3.14364
3.14356
3.1356
3.14808
3.14444
3.14104
3.13992
3.13336
3.1478
3.13856
3.141
3.14032
3.13432
3.13772
3.14348
3.14104
3.14484
3.14244
3.142
3.14924
3.13896
3.14848
3.14192
3.1418
3.14156
3.13828
3.14496
3.13712
3.13308
3.14076
3.13732
3.1442
3.14084
3.14628
3.1406
3.14332
3.14556
3.13776
3.14592
3.14472
3.13712
3.14764
3.14276
3.14196
3.1414
3.13356
3.1296
3.1364
3.14536
3.14392
3.13764
3.14396
3.14736
3.13424
3.14192
3.14076
3.15048
3.14132
3.14072
3.14056
3.13976
3.14236
3.1436
3.13828
3.14192
3.13508
3.14696
3.14748
3.13664
3.1414
3.1376
3.14356
3.1366
3.14208
3.13804
3.14292
3.142
3.14068
3.1382
3.14236
3.13296
3.1502
3.14452
3.13396
3.1406
3.13804
3.13364
3.14028
3.14152
3.13928
3.14736
3.14504
3.13388
3.13984
3.14296
3.13984
3.14904
3.14692
3.1372
3.14948
3.13912
3.13596
3.1428
3.14272
3.14288
3.14096
3.14432
3.13652
3.13964
3.14284
3.14436
3.14364
3.14152
3.14132
3.13604
3.14884
3.14044
3.13884
3.14448
3.14372
3.13544
3.14408
3.14908
3.15112
3.14692
3.133
3.13492
3.14252
3.14572
3.14568
3.13064
3.14172
3.13952
3.1448
3.14596
3.1454
3.1384
3.13648
3.1328
3.14332
3.14552
3.13856
3.13664
3.13596
3.14544
3.14284
3.1468
3.1502
3.1416
3.1338
3.13868
3.13816
3.14428
3.14108
3.13876
3.14664
3.14396
3.1454
3.1496
3.13676
3.14244
3.13948
3.14736
3.13508
3.13768
3.13808
3.13976
3.14616
3.1406
3.141
3.13876
3.14396
3.1472
3.13876
3.1472
3.14604
3.14676
3.14728
3.13504
3.14564
3.13976
3.13524
3.13796
3.13452
3.14456
3.14952
3.139
3.14964
3.1364
3.14072
3.13576
3.1464
3.13816
3.14772
3.14652
3.13804
3.1396
3.14288
3.13572
3.13916
3.14404
3.13724
3.141
3.14812
3.14516
3.14636
3.14744
3.14504
3.14448
3.14776
3.1406
3.13696
3.13824
3.1358
3.14132
3.14336
3.14016
3.1458
3.13272
3.14644
3.13668
3.14308
3.14084
3.146
3.138
3.14336
3.1456
3.14684
3.13624
3.14264
3.13536
3.14764
3.14108
3.14504
3.14044
3.14412
3.14132
3.144
3.13656
3.14364
3.13488
3.1336
3.14552
3.14096
3.1418
3.14352
3.13944
3.14076
3.13328
3.13672
3.13836
3.14304
3.14452
3.14532
3.14272
3.13832
3.13332
3.14476
3.14192
3.1404
3.14412
3.13668
3.14464
3.14208
3.14436
3.136
3.14576
3.1346
3.14032
3.13244
3.13788
3.1382
3.1248
3.13652
3.13968
3.13764
3.1432
3.1456
3.143
3.13636
3.13088
3.13836
3.14384
3.13848
3.1444
3.14768
3.1412
3.1394
3.13956
3.14404
3.14716
3.14572
3.13528
3.14564
3.13784
3.14112
3.1412
3.13796
3.13288
3.14232
3.14536
3.14016
3.13876
3.13472
3.14492
3.1394
3.13472
3.1396
