3.14335
3.13952
3.14256
3.1414
3.14119
3.14209
3.14056
3.14134
3.14279
3.14199
3.14216
3.14296
3.14142
3.14296
3.14056
3.13948
3.14
3.13898
3.14252
3.14104
3.14161
3.13767
3.14002
3.13912
3.1411
3.14044
3.14201
3.13851
3.13843
3.14119
3.14194
3.13916
3.13993
3.14057
3.1405
3.14264
3.14177
3.14049
3.13942
3.13742
3.14158
3.14256
3.1383
3.13946
3.14072
3.13872
3.14093
3.14296
3.14074
3.13821
3.13997
3.14132
3.1392
3.14117
3.14157
3.14206
3.14041
3.14125
3.14103
3.14022
3.13978
3.14167
3.13956
3.1427
3.14185
3.14182
3.14076
3.14173
3.1404
3.13933
3.14032
3.14102
3.13936
3.14026
3.13965
3.13968
3.14001
3.14132
3.13951
3.14092
3.14076
3.1389
3.13926
3.13996
3.142
3.1395
3.1403
3.14174
3.13987
3.13915
3.14058
3.14269
3.14065
3.14103
3.14594
3.14245
3.1391
3.13793
3.14191
3.136
3.14089
3.13884
3.14017
3.13849
3.14042
3.13971
3.14141
3.14039
3.1415
3.13794
3.14269
3.1398
3.1435
3.14081
3.14019
3.13961
3.14066
3.13915
3.1417
3.1403
3.14358
3.14045
3.13882
3.14222
3.1432
3.14208
3.14382
3.14072
3.13912
3.14145
3.14068
3.13992
3.14195
3.14135
3.1391
3.14012
3.14225
3.14137
3.13801
3.14032
3.1409
3.14037
3.14109
3.13919
3.14195
3.14231
3.14154
3.14256
3.1419
3.13711
3.14222
3.14238
3.14076
3.14329
3.14043
3.14083
3.13964
3.13906
3.14258
3.14117
3.14276
3.1424
3.14107
3.14157
3.14038
3.13978
3.14246
3.13843
3.14169
3.13902
3.14262
3.13961
3.13594
3.14442
3.13784
3.13986
3.14322
3.14068
3.14042
3.14193
3.14049
3.13832
3.14131
3.14195
3.14251
3.14175
3.14007
3.13978
3.14328
3.1427
3.14152
3.14266
3.1412
3.14094
3.14154
3.14142
3.13997
3.14202
3.1409
3.14174
3.14126
3.13688
3.13843
3.14028
3.13932
3.13985
3.14332
3.14104
3.14002
3.13928
3.1413
3.14014
3.14351
3.14311
3.14127
3.14302
3.1435
3.14156
3.1407
3.13884
3.14121
3.14018
3.14014
3.14134
3.13947
3.14284
3.13938
3.14173
3.14024
3.14233
3.14186
3.14048
3.14049
3.14227
3.1414
3.14188
3.14346
3.14358
3.14168
3.13838
3.1395
3.14027
3.14015
3.14043
3.14166
3.13995
3.14117
3.13963
3.1423
3.13771
3.14172
3.14101
3.13974
3.14171
3.13917
3.14195
3.13934
3.1411
3.14256
3.14231
3.14091
3.13692
3.14025
3.14109
3.14038
3.13612
3.14114
3.13942
3.14447
3.1411
3.14046
3.143
3.14139
3.14062
3.14018
3.14164
3.1409
3.14173
3.14048
3.13989
3.13957
3.13891
3.13934
3.14022
3.1432
3.14318
3.14242
3.14188
3.14308
3.1434
3.13923
3.1402
3.14066
3.14238
3.13934
3.14185
3.14014
3.14187
3.1403
3.14068
3.14012
3.13831
3.13975
3.13994
3.14026
3.14186
3.14224
3.14088
3.14051
3.14108
3.14015
3.14135
3.14001
3.1418
3.14273
3.14002
3.14086
3.1393
3.14019
3.13934
3.13909
3.1376
3.14003
3.14214
3.1401
3.14137
3.14165
3.14034
3.13973
3.14283
3.14102
3.14306
3.14039
3.14062
3.14108
3.14139
3.14039
3.14133
3.14023
3.13974
3.14248
3.14172
3.14036
3.14029
3.14098
3.14268
3.14071
3.14318
3.141
3.14122
3.14182
3.14172
3.14186
3.14094
3.14113
3.14033
3.13954
3.14014
3.13982
3.14156
3.14026
3.14172
3.14116
3.14521
3.14068
3.13794
3.14212
3.13951
3.13838
3.14176
3.14061
3.14158
3.13953
3.14386
3.14004
3.14334
3.14109
3.14175
3.14044
3.1401
3.14207
3.14048
3.14234
3.13793
3.13948
3.14147
3.1435
3.14022
3.14282
3.1389
3.13995
3.14144
3.14303
3.14133
3.14268
3.14113
3.14147
3.14047
3.14145
3.14034
3.14081
3.13994
3.14048
3.14002
3.1385
3.14096
3.14168
3.14065
3.13975
3.14104
3.13995
3.14148
3.14169
3.1394
3.14121
3.1407
3.14101
3.14109
3.14172
3.13838
3.13789
3.14039
3.14117
3.13929
3.14143
3.1401
3.1415
3.14182
3.1418
3.14184
3.14042
3.1402
3.14172
3.14312
3.13757
3.13952
3.14166
3.14111
3.13863
3.14011
3.1403
3.13951
3.14078
3.14313
3.1401
3.13785
3.14046
3.1395
3.1431
3.14081
3.14258
3.14048
3.14101
3.13984
3.13994
3.1405
3.14468
3.14119
3.1401
3.13684
3.14279
3.14028
3.14349
3.14138
3.14212
3.141
3.1433
3.14078
3.14064
3.14067
3.14093
3.14149
3.14221
3.14068
3.13908
3.14059
3.14106
3.14073
3.13842
3.14089
3.14305
3.13918
3.14325
3.1408
3.14124
3.1401
3.14286
3.14382
3.14101
3.14134
3.13868
3.14012
3.14189
3.13936
3.14084
3.14357
3.13842
3.14039
3.14126
3.14086
3.14129
3.13868
3.13975
3.14224
3.13928
3.13778
3.14017
3.1408
3.14087
3.14139
3.14152
3.14211
3.13985
3.1416
3.13954
3.13954
3.14064
3.14017
3.14085
3.13828
3.14408
3.13954
3.1416
3.14052
3.14244
3.14204
3.14054
3.14275
3.13995
3.14046
3.13842
3.14075
3.13853
3.141
3.14234
3.13881
3.1404
3.14106
3.14038
3.1391
3.14152
3.14346
3.1402
3.13896
3.13973
3.14284
3.14296
3.1414
3.13867
3.14016
3.14245
3.14266
3.14164
3.14341
3.1387
3.14197
3.14012
3.13938
3.14188
3.14223
3.1377
3.13888
3.13856
3.1408
3.14136
3.14003
3.13868
3.13998
3.14222
3.14134
3.13988
3.14016
3.14046
3.14061
3.13904
3.14082
3.14249
3.13958
3.14081
3.13913
3.14056
3.14309
3.13764
3.14029
3.13962
3.14124
3.14384
3.14056
3.14222
3.142
3.14046
3.14008
3.14205
3.13984
3.14159
3.14288
3.1398
3.1399
3.1406
3.14118
3.14015
3.13923
3.13947
3.14041
3.14401
3.14135
3.1418
3.14181
3.14094
3.14152
3.14143
3.13912
3.13789
3.14264
3.13764
3.14037
3.14047
3.14266
3.1402
3.14165
3.14112
3.13994
3.1413
3.13956
3.14044
3.14238
3.14114
3.14196
3.14077
3.13982
3.14058
3.14001
3.14125
3.14059
3.14223
3.14083
3.14286
3.1378
3.14297
3.13789
3.14374
3.14009
3.13908
3.14144
3.1399
3.13987
3.13909
3.14141
3.13972
3.13971
3.14071
3.14311
3.14022
3.14071
3.1393
3.14295
3.13887
3.14346
3.14127
3.14147
3.13902
3.13947
3.1453
3.13854
3.14102
3.14012
3.14105
3.14305
3.14017
3.14054
3.1413
3.1412
3.14272
3.1389
3.141
3.13976
3.13948
3.14127
3.14037
3.1395
3.13866
3.14212
3.14292
3.14006
3.14057
3.14196
3.14011
3.13955
3.14036
3.14066
3.14058
3.13881
3.14152
3.13969
3.1387
3.14088
3.1401
3.14108
3.14034
3.13964
3.14089
3.14321
3.14161
3.14127
3.13988
3.14108
3.14011
3.1425
3.14179
3.14211
3.14285
3.13984
3.13984
3.14165
3.14118
3.1408
3.14075
3.14159
3.14073
3.14152
3.13824
3.14058
3.1411
3.1408
3.14176
3.14449
3.13977
3.1399
3.14171
3.14097
3.14506
3.13914
3.14013
3.1413
3.14078
3.14231
3.14138
3.14222
3.14048
3.14059
3.14168
3.14057
3.14247
3.14076
3.1417
3.13858
3.13947
3.14252
3.13877
3.14243
3.13935
3.14346
3.13962
3.14117
3.14024
3.13936
3.14108
3.14067
3.14135
3.1402
3.14286
3.13822
3.14004
3.14159
3.14274
3.14182
3.14085
3.13898
3.14019
3.14312
3.14294
3.14067
3.13992
3.14086
3.13958
3.14062
3.13923
3.14075
3.14055
3.14159
3.13839
3.14118
3.14089
3.14082
3.13839
3.14118
3.13965
3.14185
3.14296
3.14364
3.13758
3.1415
3.1411
3.14254
3.14258
3.14239
3.14239
3.14222
3.14015
3.14366
3.1397
3.14332
3.14083
3.14042
3.14166
3.13974
3.1386
3.1407
3.14255
3.14102
3.14038
3.13872
3.1415
3.14008
3.13836
3.14424
3.13968
3.13878
3.14022
3.14034
3.1437
3.13931
3.14112
3.14156
3.14222
3.14241
3.14288
3.14012
3.14237
3.13959
3.13803
3.13964
3.14217
3.1406
3.14092
3.14094
3.14026
3.13891
3.14027
3.13914
3.14356
3.13956
3.14264
3.13933
3.14011
3.13981
3.13789
3.14031
3.14023
3.141
3.14137
3.14074
3.13944
3.14006
3.14036
3.14088
3.14004
3.14262
3.13968
3.13993
3.14134
3.14086
3.14134
3.1408
3.1425
3.14246
3.14159
3.1422
3.14043
3.14122
3.14175
3.14274
3.14294
3.14174
3.13888
3.14269
3.13936
3.13965
3.13931
3.14056
3.14143
3.14168
3.1404
3.13877
3.14179
3.14238
3.14106
3.14037
3.14384
3.13851
3.14061
3.14124
3.13867
3.14198
3.14041
3.14033
3.14021
3.13897
3.14201
3.13926
3.14347
3.1388
3.14017
3.14318
3.1409
3.14036
3.13994
3.14183
3.14054
3.14254
3.13989
3.14143
3.14168
3.14132
3.14008
3.14247
3.14031
3.1383
3.13995
3.14288
3.13851
3.13962
3.13801
3.13889
3.14231
3.14016
3.14153
3.14175
3.14135
3.1414
3.14127
3.14284
3.13981
3.13962
3.14085
3.13821
3.14359
3.14114
3.14173
3.14062
3.13936
3.14342
3.14114
3.13751
3.13924
3.14045
3.14156
3.14032
3.14009
3.13996
3.13971
3.1438
3.13961
3.14072
3.13976
3.14099
3.14142
3.13925
3.14148
3.14312
3.13977
3.14264
3.14076
3.14076
3.14152
3.1417
3.13976
3.1397
3.14066
3.14108
3.14272
3.14186
3.14001
3.14294
3.14009
3.13888
3.14186
3.14155
3.14217
3.14149
3.14238
3.14284
3.1433
3.14235
3.1378
3.14092
3.1396
3.142
3.13948
3.14163
3.14072
3.1386
3.14014
3.13962
3.14309
3.14156
3.14045
3.13889
3.1412
3.1407
