3.168
3.148
3.128
3.244
3.092
3.148
3.244
3.22
3.232
3.216
3.204
3.144
3.148
3.176
3.18
3.04
3.152
3.236
3.164
3.176
3.192
3.24
3.092
3.088
3.144
3.22
3.1
3.208
3.172
3.152
3.132
3.18
3.148
3.188
3.112
3.264
3.196
3.156
3.212
3.192
3.188
3.212
3.24
3.22
3.232
3.152
3.24
3.12
3.1
3.156
3.208
3.092
3.172
3.12
3.152
3.176
3.192
3.152
3.204
3.252
3.172
3.156
3.2
3.148
3.128
3.224
3.228
3.164
3.244
3.252
3.092
3.14
3.16
3.14
3.088
3.208
3.176
3.224
3.176
3.092
3.196
3.176
3.168
3.2
3.184
3.22
3.176
3.128
3.168
3.192
3.224
3.092
3.184
3.188
3.208
3.22
3.128
3.188
3.22
3.328
3.124
3.148
3.176
3.136
3.132
3.232
3.156
3.176
3.176
3.264
3.204
3.12
3.208
3.148
3.144
3.196
3.28
3.192
3.232
3.212
3.208
3.068
3.132
3.16
3.096
3.216
3.14
3.196
3.176
3.316
3.24
3.148
3.1
3.196
3.236
3.144
3.132
3.184
3.156
3.216
3.116
3.112
3.228
3.252
3.188
3.284
3.068
3.176
3.144
3.064
3.128
3.188
3.152
3.224
3.172
3.2
3.188
3.16
3.124
3.092
3.192
3.192
3.152
3.176
3.252
3.02
3.168
3.104
3.104
3.144
3.16
3.136
3.132
3.112
3.2
3.2
3.184
3.096
3.188
3.172
3.188
3.148
3.132
3.192
3.204
3.196
3.164
3.108
3.164
3.216
3.152
3.184
3.132
3.148
3.128
3.08
3.128
3.124
3.124
3.172
3.216
3.12
3.152
3.148
3.18
3.208
3.176
3.22
3.06
3.168
3.22
3.26
3.284
3.14
3.084
3.148
3.176
3.116
3.16
3.168
3.228
3.18
3.152
3.148
3.224
3.176
3.092
3.208
3.228
3.156
3.168
3.184
3.168
3.144
3.136
3.164
3.148
3.192
3.224
3.232
3.2
3.12
3.188
3.148
3.164
3.2
3.088
3.112
3.236
3.116
3.172
3.096
3.192
3.184
3.212
3.156
3.116
3.148
3.2
3.096
3.172
3.116
3.176
3.112
3.168
3.148
3.236
3.188
3.192
3.216
3.116
3.084
3.168
3.184
3.132
3.16
3.072
3.184
3.208
3.156
3.256
3.18
3.212
3.196
3.156
3.1
3.236
3.212
3.176
3.104
3.196
3.176
3.212
3.224
3.216
3.188
3.204
3.132
3.072
3.212
3.16
3.188
3.156
3.16
3.124
3.156
3.232
3.132
3.168
3.188
3.22
3.064
3.112
3.144
3.164
3.284
3.124
3.172
3.204
3.252
3.2
3.196
3.136
3.128
3.188
3.116
3.14
3.156
3.148
3.168
3.18
3.188
3.128
3.144
3.18
3.156
3.288
3.168
3.204
3.22
3.216
3.184
3.136
3.156
3.256
3.16
3.188
3.152
3.14
3.152
3.136
3.116
3.112
3.172
3.16
3.132
3.184
3.128
3.196
3.092
3.24
3.116
3.108
3.196
3.16
3.148
3.18
3.14
3.208
3.144
3.156
3.192
3.132
3.184
3.212
3.192
3.104
3.16
3.204
3.084
3.128
3.156
3.244
3.176
3.152
3.244
3.204
3.144
3.168
3.188
3.2
3.104
3.148
3.164
3.188
3.196
3.172
3.16
3.196
3.136
3.172
3.128
3.132
3.164
3.144
3.184
3.136
3.152
3.196
3.156
3.232
3.212
3.168
3.204
3.084
3.18
3.148
3.22
3.196
3.184
3.128
3.08
3.156
3.24
3.14
3.184
3.232
2.992
3.164
3.176
3.244
3.16
3.188
3.204
3.172
3.272
3.112
3.144
3.152
3.168
3.156
3.156
3.132
3.164
3.124
3.176
3.136
3.216
3.212
3.168
3.176
3.18
3.2
3.24
3.16
3.136
3.168
3.136
3.152
3.036
3.176
3.272
3.156
3.152
3.148
3.228
3.096
3.188
3.124
3.228
3.232
3.12
3.156
3.136
3.188
3.168
3.248
3.216
3.116
3.096
3.14
3.12
3.088
3.136
3.084
3.092
3.236
3.152
3.16
3.208
3.148
3.248
3.148
3.264
3.16
3.172
3.192
3.14
3.188
3.168
3.184
3.188
3.156
3.116
3.344
3.136
3.256
3.188
3.088
3.228
3.124
3.136
3.236
3.196
3.2
3.224
3.188
3.152
3.14
3.196
3.308
3.18
3.124
3.164
3.156
3.16
3.12
3.204
3.228
3.252
3.216
3.128
3.12
3.096
3.196
3.132
3.184
3.192
3.196
3.232
3.084
3.196
3.092
3.116
3.176
3.172
3.224
3.264
3.024
3.188
3.232
3.18
3.248
3.192
3.152
3.148
3.164
3.24
3.076
3.144
3.18
3.192
3.148
3.128
3.192
3.18
3.224
3.148
3.208
3.16
3.212
3.1
3.176
3.204
3.088
3.204
3.152
3.248
3.216
3.144
3.248
3.136
3.18
3.192
3.188
3.2
3.18
3.148
3.268
3.184
3.152
3.14
3.216
3.22
3.22
3.184
3.228
3.092
3.188
3.232
3.184
3.224
3.112
3.172
3.204
3.192
3.136
3.208
3.008
3.176
3.104
3.212
3.164
3.168
3.128
3.152
3.224
3.1
3.1
3.136
3.136
3.14
3.212
3.16
3.148
3.164
3.14
3.272
3.12
3.152
3.216
3.144
3.192
3.188
3.1
3.104
3.144
3.12
3.192
3.172
3.244
3.164
3.172
3.224
3.112
3.176
3.16
3.188
3.208
3.2
3.152
3.192
3.132
3.224
3.144
3.168
3.208
3.2
3.204
3.228
3.192
3.156
3.168
3.128
3.152
3.164
3.216
3.18
3.228
3.196
3.184
3.168
3.152
3.24
3.232
3.172
3.104
3.2
3.224
3.196
3.08
3.172
3.196
3.22
3.14
3.2
3.184
3.128
3.132
3.188
3.132
3.216
3.136
3.196
3.164
3.136
3.172
3.292
3.144
3.2
3.18
3.136
3.176
3.1
3.2
3.184
3.12
3.272
3.148
3.108
3.188
3.16
3.192
3.2
3.288
3.236
3.096
3.196
3.232
3.18
3.12
3.152
3.212
3.084
3.192
3.196
3.172
3.172
3.148
3.176
3.24
3.196
3.164
3.136
3.248
3.216
3.104
3.188
3.296
3.176
3.172
3.192
3.188
3.212
3.092
3.172
3.152
3.196
3.172
3.18
3.228
3.184
3.1
3.176
3.232
3.14
3.232
3.184
3.12
3.124
3.1
3.184
3.168
3.192
3.196
3.152
3.252
3.2
3.216
3.22
3.276
3.152
3.12
3.18
3.132
3.132
3.184
3.164
3.204
3.136
3.236
3.152
3.24
3.148
3.192
3.232
3.196
3.12
3.176
3.184
3.184
3.12
3.168
3.168
3.14
3.16
3.168
3.172
3.236
3.212
3.148
3.16
3.132
3.168
3.216
3.176
3.148
3.152
3.192
3.128
3.216
3.088
3.216
3.212
3.108
3.168
3.1
3.164
3.2
3.22
3.204
3.072
3.08
3.188
3.124
3.192
3.168
3.24
3.192
3.136
3.176
3.192
3.184
3.172
3.208
3.036
3.168
3.24
3.152
3.168
3.156
3.228
3.148
3.232
3.288
3.216
3.16
3.18
3.148
3.136
3.072
3.208
3.156
3.18
3.188
3.084
3.164
3.14
3.104
3.176
3.212
3.236
3.212
3.116
3.108
3.132
3.164
3.168
3.184
3.132
3.188
3.176
3.124
3.256
3.16
3.196
3.228
3.2
3.164
3.212
3.176
3.216
3.128
3.24
3.216
3.224
3.12
3.176
3.152
3.16
3.144
3.136
3.208
3.092
3.172
3.204
3.212
3.184
3.168
3.176
3.192
3.172
3.192
3.1
3.228
3.196
3.168
3.228
3.188
3.168
3.224
3.092
3.208
3.156
3.16
3.148
3.208
3.18
3.128
3.172
3.212
3.084
3.136
3.216
3.132
3.172
3.18
3.204
3.176
3.22
3.1
3.196
3.132
3.072
3.16
3.2
3.192
3.188
3.076
3.148
3.128
3.2
3.14
3.032
3.172
3.176
3.252
3.128
3.12
3.152
3.136
3.28
3.164
3.236
3.204
3.184
3.204
3.208
3.148
3.188
3.084
3.24
3.164
3.164
3.136
3.196
3.184
3.268
3.168
3.2
3.144
3.2
3.184
3.152
3.096
3.228
3.212
3.208
3.152
3.096
3.172
3.148
3.164
3.184
3.188
3.152
3.26
3.188
3.168
3.132
3.136
3.208
3.152
3.124
3.16
3.252
3.16
3.14
3.176
3.132
