3.1168
3.1264
3.1408
3.1076
3.1292
3.1304
3.0992
3.1388
3.1196
3.1224
3.1196
3.112
3.1484
3.1264
3.1256
3.1232
3.1652
3.1484
3.1572
3.142
3.1424
3.12
3.1376
3.1252
3.1232
3.1424
3.1376
3.1384
3.1284
3.1516
3.1504
3.1684
3.12
3.1612
3.1436
3.1572
3.1584
3.1296
3.1368
3.1276
3.1404
3.108
3.172
3.14
3.1264
3.14
3.1484
3.1584
3.1476
3.136
3.142
3.1404
3.1348
3.1552
3.1504
3.15
3.1176
3.1532
3.1312
3.1368
3.1204
3.1496
3.1396
3.1496
3.1512
3.1428
3.1476
3.142
3.1448
3.1376
3.14
3.1292
3.1344
3.14
3.1272
3.1552
3.124
3.1384
3.1364
3.1536
3.144
3.126
3.1548
3.152
3.1312
3.124
3.1408
3.1292
3.1412
3.1168
3.1268
3.1236
3.148
3.1192
3.1452
3.128
3.1376
3.1648
3.1316
3.1432
3.1348
3.1248
3.1332
3.1496
3.1324
3.1288
3.1408
3.1456
3.1184
3.14
3.1328
3.1256
3.1268
3.1284
3.1276
3.1324
3.1436
3.144
3.1476
3.1088
3.12
3.1284
3.1236
3.1308
3.1516
3.1352
3.1364
3.118
3.1304
3.126
3.1448
3.14
3.126
3.1092
3.1636
3.1404
3.126
3.1268
3.1596
3.1328
3.1212
3.166
3.1384
3.1384
3.1528
3.1196
3.1212
3.1272
3.1196
3.1408
3.1312
3.136
3.1368
3.122
3.126
3.1432
3.1392
3.1256
3.1428
3.1348
3.1424
3.1276
3.1396
3.1284
3.1448
3.1476
3.1416
3.1512
3.128
3.0996
3.126
3.1452
3.156
3.1364
3.1488
3.1452
3.1176
3.1284
3.1264
3.1444
3.1176
3.1128
3.1408
3.134
3.1488
3.1144
3.1148
3.13
3.1172
3.1248
3.124
3.1856
3.1304
3.1108
3.1252
3.118
3.1392
3.1688
3.1348
3.1372
3.1348
3.1564
3.1276
3.1492
3.1492
3.1408
3.1552
3.1684
3.1384
3.1456
3.1572
3.146
3.1352
3.1464
3.1452
3.134
3.1392
3.1436
3.146
3.1708
3.1508
3.1156
3.1172
3.1448
3.1232
3.124
3.1424
3.158
3.1448
3.1348
3.1304
3.1488
3.1364
3.1468
3.142
3.1472
3.1396
3.1404
3.1296
3.1216
3.158
3.1244
3.1304
3.1584
3.134
3.1412
3.1224
3.1372
3.1372
3.1616
3.1296
3.1392
3.1556
3.1376
3.1604
3.1332
3.1124
3.1376
3.138
3.1248
3.1504
3.1188
3.1628
3.1364
3.1248
3.134
3.1308
3.1312
3.1432
3.1192
3.1388
3.1476
3.1416
3.1452
3.1236
3.14
3.1312
3.132
3.1276
3.1568
3.1352
3.1416
3.1284
3.16
3.1308
3.1504
3.1428
3.1316
3.1616
3.146
3.1456
3.1224
3.1248
3.138
3.1164
3.1388
3.136
3.136
3.1504
3.126
3.1236
3.1128
3.1464
3.1296
3.1164
3.1412
3.1584
3.124
3.1332
3.13
3.1096
3.1664
3.1572
3.1196
3.1284
3.14
3.166
3.1108
3.132
3.146
3.142
3.1108
3.1384
3.1544
3.1224
3.142
3.1248
3.1256
3.124
3.1612
3.154
3.1364
3.1296
3.1396
3.1484
3.1428
3.1436
3.1432
3.1304
3.154
3.1336
3.1528
3.1532
3.1464
3.1528
3.1452
3.1252
3.1296
3.1128
3.1548
3.1316
3.1428
3.14
3.1348
3.1452
3.1656
3.1244
3.1296
3.1328
3.1264
3.1396
3.1328
3.1284
3.1204
3.1492
3.142
3.1292
3.16
3.1372
3.1384
3.1496
3.1304
3.1524
3.1312
3.1428
3.1504
3.1164
3.162
3.1416
3.15
3.1308
3.1328
3.152
3.1148
3.1572
3.1556
3.1488
3.1408
3.1552
3.1268
3.154
3.1296
3.1428
3.1284
3.1408
3.12
3.1264
3.1128
3.1344
3.1376
3.1704
3.14
3.1172
3.1396
3.1128
3.1332
3.1272
3.1424
3.1164
3.146
3.1164
3.1392
3.152
3.1452
3.1244
3.1452
3.14
3.14
3.1424
3.1448
3.148
3.1516
3.1412
3.1612
3.114
3.1516
3.1424
3.152
3.13
3.1228
3.1432
3.1284
3.1364
3.1284
3.1316
3.1052
3.1128
3.1256
3.1448
3.1204
3.1216
3.1624
3.1152
3.146
3.1432
3.1348
3.1552
3.1252
3.132
3.1112
3.1376
3.1384
3.1156
3.1424
3.1472
3.1292
3.1348
3.1292
3.1364
3.1392
3.1416
3.1576
3.1224
3.1432
3.1544
3.1376
3.1364
3.1408
3.1012
3.1404
3.1412
3.1456
3.1552
3.1268
3.1156
3.1288
3.1184
3.1256
3.1476
3.1444
3.1204
3.1452
3.1364
3.1424
3.1152
3.1376
3.1364
3.13
3.126
3.118
3.122
3.1468
3.136
3.1216
3.1456
3.1364
3.1392
3.1344
3.1316
3.1452
3.1328
3.1264
3.1512
3.1316
3.1348
3.1688
3.13
3.1436
3.1356
3.1188
3.1192
3.1288
3.1552
3.1104
3.1228
3.1392
3.1444
3.1324
3.1492
3.1452
3.13
3.1364
3.1448
3.156
3.1328
3.13
3.1316
3.1284
3.1204
3.1436
3.1676
3.1512
3.1476
3.1252
3.1372
3.1588
3.1456
3.128
3.1304
3.1136
3.1212
3.1484
3.1536
3.146
3.124
3.112
3.1348
3.1472
3.152
3.13
3.134
3.1364
3.1404
3.1408
3.1372
3.1424
3.17
3.1388
3.1512
3.1396
3.134
3.132
3.158
3.12
3.1348
3.1248
3.13
3.1184
3.1616
3.1424
3.1384
3.142
3.1432
3.134
3.1148
3.1428
3.12
3.1148
3.136
3.1676
3.1324
3.1364
3.1404
3.1148
3.1184
3.1292
3.1212
3.1184
3.142
3.1232
3.1288
3.1324
3.1476
3.1432
3.1428
3.0976
3.13
3.1392
3.1352
3.1256
3.1304
3.152
3.1408
3.1128
3.1132
3.1316
3.1424
3.1248
3.1528
3.1304
3.132
3.1416
3.1216
3.146
3.1068
3.1336
3.154
3.1432
3.1196
3.1236
3.1552
3.1248
3.0868
3.1232
3.13
3.1368
3.1164
3.1416
3.1392
3.1272
3.128
3.1496
3.1216
3.15
3.1264
3.1344
3.1308
3.1228
3.132
3.1572
3.1376
3.1272
3.178
3.1268
3.1344
3.1404
3.1628
3.146
3.1392
3.1172
3.1368
3.1236
3.1488
3.146
3.1164
3.134
3.124
3.1548
3.1168
3.138
3.1456
3.1528
3.1404
3.128
3.1468
3.128
3.1288
3.1356
3.1372
3.1328
3.1476
3.16
3.124
3.142
3.1476
3.1472
3.128
3.1188
3.144
3.1356
3.1296
3.1012
3.1356
3.128
3.1156
3.1448
3.1356
3.1264
3.1364
3.1272
3.1276
3.15
3.136
3.1544
3.1348
3.116
3.1308
3.164
3.1528
3.1488
3.19
3.1256
3.1068
3.1356
3.118
3.1464
3.1676
3.1416
3.1348
3.1552
3.1456
3.1412
3.1384
3.1432
3.14
3.1412
3.1424
3.1212
3.1268
3.1152
3.1068
3.1404
3.1236
3.1056
3.126
3.1244
3.12
3.1088
3.1056
3.1392
3.1316
3.116
3.1328
3.1288
3.1412
3.1752
3.122
3.14
3.1496
3.1504
3.1504
3.1688
3.1448
3.1264
3.1348
3.1176
3.142
3.1616
3.126
3.1256
3.134
3.1072
3.12
3.1492
3.122
3.138
3.1308
3.1196
3.156
3.1264
3.1384
3.15
3.1264
3.1476
3.1232
3.1432
3.1364
3.1388
3.146
3.1128
3.148
3.14
3.15
3.1248
3.1424
3.1444
3.1104
3.1372
3.15
3.1572
3.1048
3.1376
3.1248
3.1532
3.136
3.1264
3.1412
3.1544
3.138
3.1352
3.1112
3.1404
3.1268
3.1128
3.1532
3.1264
3.114
3.1332
3.1384
3.1584
3.1412
3.1496
3.1288
3.1748
3.1532
3.0964
3.1216
3.1336
3.106
3.1352
3.0928
3.1472
3.1356
3.1536
3.1408
3.1376
3.1348
3.1156
3.114
3.1444
3.1292
3.1208
3.1272
3.1532
3.1384
3.1436
3.1184
3.1128
3.1332
3.148
3.1392
3.1476
3.1376
3.1376
3.1484
3.1252
3.1328
3.1348
3.1128
3.1376
3.1496
3.1464
3.0964
3.1312
3.1368
3.1412
3.1336
3.1208
3.1136
3.1348
3.1272
3.1024
3.1392
3.1012
3.1296
3.138
3.1544
3.162
3.1224
3.1176
3.1532
3.138
3.1244
3.1508
3.1292
3.1376
3.15
3.1552
3.1332
3.1348
3.1584
3.1528
3.1348
3.1308
3.128
3.0984
3.12
3.1292
3.1416
3.1356
3.1256
3.1492
3.1336
3.1376
3.1396
3.1384
3.1376
3.1436
3.1224
3.144
3.1316
3.138
3.1236
3.1232
3.1476
3.124
3.142
3.1304
3.1424
3.1284
3.1356
3.1188
3.1612
3.1476
3.1476
3.1284
3.1364
3.1256
3.138
3.1532
3.1468
3.1552
3.136
3.1288
3.158
3.1492
3.1276
3.1308
3.1476
3.164
3.1228
3.1376
3.1356
3.1472
3.1308
3.1192
3.1384
3.1388
3.1548
3.1148
3.136
3.132
3.1356
3.1272
3.1308
3.134
3.1324
3.1192
3.1556
3.138
3.1188
3.1352
3.1556
3.1236
3.1292
3.13
3.1384
3.1232
3.1352
3.1196
3.1364
3.1572
3.1316
3.138
3.1448
3.1292
3.1492
3.1604
3.1496
3.1308
3.14
3.1156
3.1444
3.16
3.1504
3.1336
3.132
3.1396
3.1768
3.1432
3.1532
3.136
3.15
3.1388
3.1192
3.1228
3.1392
3.1304
3.1528
3.1536
3.154
3.1256
3.1316
3.1264
3.1624
3.1292
3.1372
3.1264
3.1276
3.1124
3.1428
3.1424
3.1096
3.1664
3.1404
3.142
3.1212
3.1764
3.13
3.1424
