3.14155
3.14172
3.14159
3.14186
3.14158
3.14156
3.141
3.14175
3.14063
3.14136
3.14181
3.14089
3.14185
3.14158
3.14254
3.14154
3.14043
3.1414
3.14155
3.14171
3.14193
3.14174
3.14162
3.14194
3.14218
3.14123
3.14108
3.14107
3.14226
3.14118
3.14168
3.14187
3.14182
3.14189
3.14077
3.14285
3.14203
3.14217
3.14202
3.14172
3.1412
3.14214
3.14154
3.14188
3.14165
3.14223
3.14216
3.14185
3.14196
3.14142
3.14144
3.14133
3.14175
3.14126
3.14102
3.14202
3.14206
3.14106
3.14109
3.14213
3.14134
3.14143
3.14164
3.14247
3.14135
3.14154
3.14144
3.1419
3.141
3.1407
3.14181
3.14203
3.14084
3.14087
3.14115
3.14182
3.14172
3.14185
3.14136
3.14214
3.14197
3.14229
3.14146
3.14212
3.14217
3.14172
3.14121
3.1411
3.1421
3.14133
3.14244
3.14194
3.14125
3.14131
3.1423
3.14211
3.14102
3.1417
3.14148
3.14082
3.14104
3.14021
3.14113
3.14199
3.14146
3.14189
3.14158
3.14222
3.14125
3.14134
3.1417
3.14178
3.14159
3.14102
3.14112
3.14151
3.14146
3.1421
3.14126
3.1411
3.14126
3.14128
3.1407
3.14138
3.14069
3.14155
3.14087
3.1418
3.14134
3.14194
3.14193
3.14105
3.14086
3.1418
3.14131
3.1422
3.14139
3.1415
3.14179
3.14116
3.14087
3.14154
3.14062
3.14133
3.1416
3.1416
3.14136
3.14188
3.14213
3.14147
3.14087
3.14139
3.14131
3.14182
3.14057
3.14172
3.14141
3.1419
3.14149
3.14092
3.14171
3.14148
3.14206
3.14168
3.14153
3.14148
3.14198
3.1413
3.14281
3.14115
3.14213
3.14169
3.14223
3.14112
3.14269
3.14164
3.14133
3.141
3.14188
3.14136
3.14119
3.14166
3.14117
3.14219
3.14192
3.14113
3.14065
3.14074
3.14164
3.14142
3.14162
3.14117
3.14152
3.14198
3.14278
3.14158
3.14205
3.14258
3.14132
3.14254
3.14154
3.14109
3.14166
3.14135
3.14162
3.14133
3.14218
3.14161
3.14161
3.14194
3.14134
3.14146
3.14208
3.14187
3.14094
3.14131
3.14135
3.14221
3.14221
3.14151
3.14103
3.14082
3.1414
3.14168
3.14248
3.14192
3.14146
3.14058
3.1411
3.14184
3.14208
3.14194
3.14038
3.14112
3.14111
3.14182
3.14136
3.14102
3.14218
3.14185
3.14216
3.14265
3.14136
3.14091
3.141
3.14182
3.14106
3.14073
3.14125
3.14111
3.14201
3.14005
3.1415
3.14096
3.14213
3.14105
3.1421
3.14126
3.14177
3.14164
3.14209
3.1422
3.14088
3.14133
3.1411
3.14106
3.14134
3.141
3.14254
3.14171
3.14125
3.14186
3.14193
3.14185
3.14123
3.14208
3.14115
3.14114
3.14129
3.14152
3.14195
3.14176
3.14148
3.14186
3.14167
3.1418
3.14057
3.14142
3.14139
3.14262
3.14165
3.14089
3.14096
3.14157
3.14157
3.14143
3.1419
3.14166
3.14099
3.14077
3.14258
3.14146
3.14133
3.14182
3.14122
3.14055
3.14176
3.14096
3.14083
3.14122
3.14202
3.14115
3.14197
3.14123
3.14155
3.14193
3.14188
3.14197
3.14153
3.14117
3.14198
3.14132
3.14114
3.14184
3.14162
3.14224
3.14192
3.14152
3.14099
3.14069
3.14143
3.14154
3.14086
3.14133
3.1418
3.14134
3.14137
3.14122
3.14181
3.14144
3.14247
3.14218
3.14076
3.1418
3.14186
3.14201
3.14178
3.14148
3.14216
3.14159
3.14113
3.14218
3.14184
3.14174
3.14173
3.1419
3.14237
3.14111
3.14127
3.14148
3.1423
3.14076
3.14133
3.14165
3.14155
3.14127
3.14147
3.14092
3.14163
3.14213
3.1414
3.14194
3.14162
3.14147
3.14143
3.14173
3.14259
3.14169
3.14114
3.14238
3.14075
3.14145
3.14225
3.14164
3.14183
3.14137
3.14102
3.14147
3.14097
3.14166
3.14167
3.14126
3.14169
3.14233
3.14091
3.14224
3.14158
3.14142
3.14109
3.14195
3.14132
3.14182
3.14083
3.14166
3.14074
3.1414
3.14208
3.14225
3.14288
3.14043
3.14218
3.14144
3.14148
3.14108
3.14176
3.14097
3.14149
3.14025
3.14055
3.14187
3.14087
3.14151
3.14081
3.14108
3.14204
3.14162
3.14157
3.14143
3.14237
3.14107
3.14168
3.14078
3.14117
3.14039
3.1416
3.14255
3.14182
3.14051
3.14146
3.14098
3.14217
3.14057
3.1419
3.14168
3.14177
3.14213
3.14057
3.14088
3.14097
3.14153
3.14236
3.14242
3.14138
3.14122
3.1418
3.14066
3.14158
3.14188
3.14227
3.1417
3.14283
3.14214
3.14172
3.14181
3.14178
3.14257
3.14126
3.14149
3.14169
3.14203
3.14178
3.14141
3.14164
3.14163
3.1421
3.14158
3.14112
3.14087
3.14157
3.14118
3.14109
3.14235
3.14209
3.14191
3.14167
3.13971
3.14146
3.14178
3.14205
3.1415
3.14121
3.14136
3.14131
3.14037
3.1417
3.14209
3.1419
3.14182
3.14247
3.14126
3.14171
3.1415
3.1409
3.14257
3.14133
3.14118
3.14135
3.1407
3.14263
3.14176
3.1417
3.14129
3.14198
3.14158
3.14186
3.14066
3.14095
3.14159
3.1411
3.14197
3.14154
3.14163
3.14213
3.14136
3.14158
3.14068
3.14107
3.1422
3.1407
3.14246
3.14232
3.14094
3.14209
3.14221
3.14153
3.14206
3.14136
3.1418
3.14185
3.14201
3.14182
3.14186
3.14051
3.14129
3.14135
3.14207
3.14107
3.14133
3.1414
3.1416
3.14271
3.14042
3.14208
3.14105
3.14196
3.14157
3.14215
3.14178
3.14106
3.14079
3.14098
3.14214
3.14139
3.14145
3.14205
3.14182
3.14085
3.14179
3.1411
3.14191
3.14169
3.14243
3.14221
3.14127
3.14107
3.1418
3.14253
3.14199
3.14156
3.1412
3.14118
3.14182
3.1412
3.14168
3.14198
3.14148
3.14138
3.14197
3.14093
3.141
3.14124
3.14109
3.14252
3.14159
3.14173
3.14172
3.14203
3.1417
3.14143
3.14169
3.14095
3.14069
3.14051
3.14177
3.14256
3.14198
3.142
3.14193
3.14201
3.14182
3.1414
3.14179
3.14224
3.14111
3.14231
3.14235
3.14025
3.14204
3.14067
3.14152
3.14154
3.14221
3.14077
3.14195
3.14101
3.14123
3.14123
3.14134
3.14245
3.14083
3.14138
3.14233
3.14086
3.14227
3.14168
3.14226
3.1422
3.14161
3.14229
3.14207
3.14095
3.14178
3.14126
3.14091
3.14099
3.14166
3.14193
3.14262
3.14157
3.14195
3.14125
3.1414
3.14135
3.14093
3.14169
3.14128
3.14118
3.14197
3.14182
3.14198
3.14166
3.14102
3.14215
3.14099
3.14123
3.14111
3.14135
3.14209
3.14123
3.14226
3.14055
3.1421
3.14155
3.14102
3.14137
3.1414
3.14141
3.14176
3.14299
3.14199
3.14059
3.14037
3.14197
3.14094
3.14201
3.1422
3.14078
3.14121
3.14222
3.14148
3.14202
3.14196
3.14175
3.14204
3.14197
3.14195
3.14044
3.14111
3.14247
3.14071
3.14142
3.14184
3.14206
3.14164
3.14235
3.14172
3.14175
3.14096
3.14132
3.14125
3.14202
3.14044
3.1417
3.14226
3.14245
3.14207
3.14142
3.14182
3.14172
3.14126
3.14138
3.14224
3.14187
3.14156
3.14178
3.14138
3.14184
3.1419
3.14115
3.14077
3.14203
3.14147
3.14126
3.14259
3.1419
3.14176
3.14123
3.14082
3.14092
3.141
3.14218
3.14112
3.14211
3.14252
3.14117
3.14094
3.14087
3.14232
3.14157
3.14161
3.14174
3.141
3.14069
3.14275
3.14083
3.1405
3.14154
3.14133
3.1413
3.14215
3.14044
3.14128
3.14195
3.14154
3.14295
3.14176
3.14202
3.14251
3.14113
3.14146
3.14256
3.14251
3.14186
3.14107
3.14171
3.14125
3.14082
3.14167
3.14158
3.14155
3.14114
3.14165
3.14157
3.1415
3.14253
3.14048
3.14151
3.14113
3.14186
3.14195
3.14134
3.14211
3.1422
3.14193
3.14113
3.14204
3.14109
3.14092
3.14176
3.14189
3.14264
3.14208
3.14159
3.14072
3.14261
3.14101
3.14144
3.14094
3.1422
3.14131
3.14128
3.14126
3.1409
3.14096
3.14121
3.14102
3.14207
3.14142
3.14144
3.14093
3.1408
3.14198
3.14143
3.14205
3.14266
3.14152
3.14164
3.14156
3.14135
3.14211
3.14135
3.14185
3.14115
3.14194
3.14104
3.1428
3.14171
3.14266
3.14118
3.14101
3.1414
3.14201
3.14099
3.14163
3.14066
3.14124
3.14051
3.14151
3.1411
3.14218
3.14212
3.14057
3.14159
3.14214
3.1416
3.14185
3.14149
3.14084
3.14165
3.14199
3.14099
3.14142
3.14128
3.14263
3.14197
3.14097
3.14198
3.14193
3.14167
3.1415
3.14183
3.14151
3.1427
3.14207
3.142
3.14219
3.14186
3.14128
3.14131
3.14104
3.14165
3.1415
3.14221
3.14095
3.14246
3.14259
3.14175
3.14145
3.14146
3.14222
3.1415
3.14205
3.14068
3.14162
3.14136
3.1418
3.14078
3.14076
3.14076
3.14141
3.14107
3.14092
3.14232
3.14024
3.1419
3.14165
3.14235
3.1413
3.1414
3.14191
3.14231
3.14169
3.14095
3.14132
3.14165
3.14128
3.14144
3.14089
3.14105
3.14158
3.1412
3.14189
3.14108
3.14165
3.14147
3.14091
3.1417
3.14237
3.14198
3.14157
3.14197
3.14245
3.14189
3.14109
3.14179
3.14086
3.14157
3.14105
3.14146
3.14285
3.14152
3.14172
3.14179
3.14246
3.14142
3.14128
3.14111
3.14127
3.14096
3.1417
3.14089
3.1421
3.14089
3.1416
3.14206
3.14136
3.14133
3.14253
3.14176
3.14162
3.14232
3.14136
3.14229
3.14149
3.14159
3.141
3.14086
3.14176
3.141
3.1424
3.14063
3.14203
3.14169
3.14148
3.141
3.14138
3.14287
3.14243
3.14184
3.14196
3.14167
3.14055
3.14183
3.14179
3.14062
3.14109
3.14132
3.14176
3.14179
3.14039
3.14095
3.14135
3.14178
3.14222
3.1415
3.14138
3.1414
3.14131
3.14112
3.14195
